5.6 10269.4
5.60133 10289.7
5.60266 10310.2
5.60398 10330.8
5.60531 10351.5
5.60664 10372.4
5.60797 10393.3
5.60929 10414.3
5.61062 10435.4
5.61195 10456.5
5.61328 10477.7
5.61461 10498.9
5.61593 10520.1
5.61726 10541.3
5.61859 10562.5
5.61992 10583.7
5.62124 10604.9
5.62257 10626
5.6239 10647.1
5.62523 10668.1
5.62656 10689
5.62788 10709.9
5.62921 10730.6
5.63054 10751.2
5.63187 10771.7
5.63319 10792
5.63452 10812.2
5.63585 10832.3
5.63718 10852.1
5.63851 10871.8
5.63983 10891.3
5.64116 10910.6
5.64249 10929.6
5.64382 10948.4
5.64514 10966.9
5.64647 10985.2
5.6478 11003.3
5.64913 11021
5.65045 11038.4
5.65178 11055.6
5.65311 11072.4
5.65444 11088.9
5.65577 11105
5.65709 11120.8
5.65842 11136.2
5.65975 11151.2
5.66108 11165.8
5.6624 11180
5.66373 11193.8
5.66506 11207.2
5.66639 11220.1
5.66772 11232.6
5.66904 11244.6
5.67037 11256.2
5.6717 11267.4
5.67303 11278.1
5.67435 11288.5
5.67568 11298.4
5.67701 11308
5.67834 11317.2
5.67967 11326
5.68099 11334.5
5.68232 11342.6
5.68365 11350.4
5.68498 11357.9
5.6863 11365
5.68763 11371.9
5.68896 11378.5
5.69029 11384.8
5.69162 11390.8
5.69294 11396.5
5.69427 11402.1
5.6956 11407.3
5.69693 11412.4
5.69825 11417.2
5.69958 11421.9
5.70091 11426.3
5.70224 11430.6
5.70357 11434.6
5.70489 11438.6
5.70622 11442.3
5.70755 11445.9
5.70888 11449.4
5.7102 11452.8
5.71153 11456.1
5.71286 11459.2
5.71419 11462.3
5.71552 11465.3
5.71684 11468.2
5.71817 11471.1
5.7195 11473.9
5.72083 11476.7
5.72215 11479.5
5.72348 11482.2
5.72481 11484.9
5.72614 11487.7
5.72746 11490.5
5.72879 11493.2
5.73012 11496.1
5.73145 11499
5.73278 11501.9
5.7341 11504.9
5.73543 11508
5.73676 11511.2
5.73809 11514.4
5.73941 11517.8
5.74074 11521.3
5.74207 11525
5.7434 11528.8
5.74473 11532.7
5.74605 11536.8
5.74738 11541.1
5.74871 11545.6
5.75004 11550.2
5.75136 11555.1
5.75269 11560.2
5.75402 11565.5
5.75535 11571.1
5.75668 11576.9
5.758 11582.9
5.75933 11589.3
5.76066 11595.9
5.76199 11602.8
5.76331 11610
5.76464 11617.5
5.76597 11625.4
5.7673 11633.5
5.76863 11642.1
5.76995 11651
5.77128 11660.2
5.77261 11669.8
5.77394 11679.8
5.77526 11690.2
5.77659 11701
5.77792 11712.3
5.77925 11724
5.78058 11736
5.7819 11748.5
5.78323 11761.4
5.78456 11774.7
5.78589 11788.4
5.78721 11802.4
5.78854 11816.9
5.78987 11831.7
5.7912 11846.8
5.79253 11862.3
5.79385 11878.2
5.79518 11894.3
5.79651 11910.9
5.79784 11927.7
5.79916 11944.8
5.80049 11962.3
5.80182 11980
5.80315 11998
5.80447 12016.3
5.8058 12034.9
5.80713 12053.7
5.80846 12072.8
5.80979 12092.2
5.81111 12111.8
5.81244 12131.6
5.81377 12151.6
5.8151 12171.9
5.81642 12192.4
5.81775 12213
5.81908 12233.9
5.82041 12255
5.82174 12276.2
5.82306 12297.6
5.82439 12319.2
5.82572 12340.9
5.82705 12362.8
5.82837 12384.8
5.8297 12407
5.83103 12429.3
5.83236 12451.7
5.83369 12474.2
5.83501 12496.8
5.83634 12519.5
5.83767 12542.3
5.839 12565.2
5.84032 12588.1
5.84165 12611.1
5.84298 12634.2
5.84431 12657.3
5.84564 12680.4
5.84696 12703.6
5.84829 12726.8
5.84962 12750.1
5.85095 12773.3
5.85227 12796.5
5.8536 12819.8
5.85493 12843
5.85626 12866.2
5.85759 12889.3
5.85891 12912.5
5.86024 12935.5
5.86157 12958.6
5.8629 12981.5
5.86422 13004.4
5.86555 13027.3
5.86688 13050
5.86821 13072.7
5.86954 13095.2
5.87086 13117.7
5.87219 13140
5.87352 13162.2
5.87485 13184.3
5.87617 13206.2
5.8775 13228
5.87883 13249.7
5.88016 13271.2
5.88148 13292.5
5.88281 13313.6
5.88414 13334.6
5.88547 13355.3
5.8868 13375.9
5.88812 13396.2
5.88945 13416.4
5.89078 13436.3
5.89211 13456
5.89343 13475.3
5.89476 13494.4
5.89609 13513.2
5.89742 13531.6
5.89875 13549.6
5.90007 13567.2
5.9014 13584.5
5.90273 13601.2
5.90406 13617.5
5.90538 13633.4
5.90671 13648.7
5.90804 13663.4
5.90937 13677.6
5.9107 13691.2
5.91202 13704.2
5.91335 13716.6
5.91468 13728.3
5.91601 13739.3
5.91733 13749.6
5.91866 13759.2
5.91999 13768
5.92132 13776.1
5.92265 13783.4
5.92397 13789.8
5.9253 13795.4
5.92663 13800.1
5.92796 13803.9
5.92928 13806.8
5.93061 13808.7
5.93194 13809.7
5.93327 13809.7
5.9346 13808.7
5.93592 13806.6
5.93725 13803.5
5.93858 13799.3
5.93991 13793.9
5.94123 13787.5
5.94256 13779.9
5.94389 13771.1
5.94522 13761.1
5.94655 13749.8
5.94787 13737.3
5.9492 13723.6
5.95053 13708.5
5.95186 13692.1
5.95318 13674.3
5.95451 13655.2
5.95584 13634.7
5.95717 13612.8
5.95849 13589.4
5.95982 13564.5
5.96115 13538.2
5.96248 13510.4
5.96381 13481
5.96513 13450
5.96646 13417.5
5.96779 13383.3
5.96912 13347.5
5.97044 13310.1
5.97177 13270.9
5.9731 13230.1
5.97443 13187.5
5.97576 13143.2
5.97708 13097.1
5.97841 13049.2
5.97974 12999.5
5.98107 12947.9
5.98239 12894.4
5.98372 12839.1
5.98505 12781.8
5.98638 12722.6
5.98771 12661.4
5.98903 12598.3
5.99036 12533.1
5.99169 12465.8
5.99302 12396.5
5.99434 12325.2
5.99567 12251.7
5.997 12176.1
